6370
8030
11571
15025
20581
27600
32365
37541
41183
42146
44475
46118
48687
48687
49307
54909
59543
59543
68331
68331
68861
72966
76239
79808
83801
91204
91447
91941
96530
101559
104564
104564
107068
112879
113079
116852
118575
122474
129431
133483
139444
147595
150415
150894
154868
155076
159772
160031
161177
162563
165950
166403
167082
167698
168016
168342
169253
169253
169762
169762
187203
191941
191941
195502
199430
200517
202826
204980
204980
204980
204980
204980
206026
206453
214035
218324
218324
219572
223576
223576
224433
226934
227028
228452
248187
250311
250311
260247
262350
274176
292668
305055
305055
313370
319961
320462
329412
336740
353476
356320
365535
368498
368565
396999
407611
415350
415799
418148
425436
428219
429885
429885
442073
455079
455180
459262
462087
465758
479266
480488
487386
487393
488089
506778
507572
545487
555726
561901
607373
625670
629772
638533
650413
664755
667933
690241
704645
749272
771670
773352
773487
795842
814526
829986
853288
857488
930445
975871
991109
1007437
1102438
1117448
1148106
1166917
1192047
1277072
1341241
1360633
1411558
1604834
1619134
1660571
1763961
1821199
1838290
1944601
2311417
2453790
2673109
3405360
3479138
3624517
4141432
4776720
5354883
7942773
11285770
17342655
17954993
29493284
41111105
